0.566259 0.624569 0.601538 0.601354 0.602692 0.656806 0.657479 0.657557
0.624569 0.581901 0.616458 0.617254 0.616905 0.677741 0.684175 0.684236
0.601538 0.616458 0.584097 0.589933 0.589285 0.650666 0.658111 0.658172
0.601354 0.617254 0.589933 0.585145 0.592415 0.651947 0.659089 0.659151
0.602692 0.616905 0.589285 0.592415 0.582713 0.652023 0.659359 0.659419
0.656806 0.677741 0.650666 0.651947 0.652023 0.619261 0.655187 0.655231
0.657479 0.684175 0.658111 0.659089 0.659359 0.655187 0.535088 0.545319
0.657557 0.684236 0.658172 0.659151 0.659419 0.655231 0.545319 0.535705
