0.580803 0.619908 0.601717 0.615657 0.600017 0.651239 0.649956 0.647062
0.619908 0.587361 0.606442 0.607825 0.610242 0.660058 0.678884 0.675896
0.601717 0.606442 0.587748 0.601856 0.592090 0.641748 0.660692 0.657705
0.615657 0.607825 0.601856 0.587748 0.606018 0.655728 0.674632 0.671645
0.600017 0.610242 0.592090 0.606018 0.588678 0.641648 0.658993 0.656005
0.651239 0.660058 0.641748 0.655728 0.641648 0.618179 0.710214 0.707227
0.649956 0.678884 0.660692 0.674632 0.658993 0.710214 0.536424 0.543456
0.647062 0.675896 0.657705 0.671645 0.656005 0.707227 0.543456 0.535755
