0 0.527147431435 0.580432966727 0.568634275372 0.569748016149 0.563761659474 0.593867464848 0.605004872616 0.607719615759 0.606605874983 0.605352916609 0.604552415425 0.600549909509 0.59278852847 0.600132256717 0.596547403592 0.602498955868 0.602220520674 0.600932757901 0.590421829319 0.579771683141 0.601976889879 0.60483085062 0.599888625922 0.59759153557 0.60479604622 0.596895447585 0.607127940972 0.615585409996 0.594180704441 0.607580398162 0.60434358903 0.597313100376 0.599436168732 0.587115411388 0.610643185299 0.661318390645 0.663511067799 0.664137546986 0.665112070166 0.664624808576 0.65815119031 0.658220799109 0.664659612975 0.654009466797 0.654775163581 0.661770847835 0.660691911458 0.694452178755 0.710636224419 0.714603925936 0.661457608242 0.711923987192
0.527147431435 0 0.589760545733 0.56877349297 0.554225254072 0.588751218154 0.603612696645 0.606814701378 0.618091326744 0.610921620493 0.618508979535 0.614784908812 0.601106779897 0.60817207295 0.599088124739 0.602255325073 0.602498955868 0.596791034387 0.605109285814 0.603229848253 0.531811220938 0.605387721008 0.60914659613 0.600654322706 0.60434358903 0.609320618126 0.608102464151 0.612070165669 0.610503967702 0.601628845886 0.592684115272 0.604413197828 0.604134762634 0.597417513574 0.590317416121 0.59901851594 0.657420297926 0.663441459 0.661979674231 0.658708060699 0.657176667131 0.661979674231 0.66010023667 0.658812473897 0.664659612975 0.653591814005 0.654949185577 0.656654601142 0.689579562857 0.704858694139 0.713629402757 0.658882082695 0.70865237366
0.580432966727 0.589760545733 0 0.573124042879 0.600828344703 0.625052206599 0.605178894612 0.619657524711 0.618056522344 0.616733955172 0.624321314214 0.613218710845 0.606292635389 0.605631351803 0.609981901712 0.601315606293 0.614228038424 0.606292635389 0.610921620493 0.605561743004 0.608067659752 0.600062647919 0.605004872616 0.601037171098 0.605213699012 0.607963246554 0.61969232911 0.607093136572 0.617499651956 0.606397048587 0.604134762634 0.593937073646 0.592475288877 0.597939579563 0.593066963664 0.601698454685 0.672003341222 0.673987191981 0.676353891132 0.670297925658 0.679277460671 0.68366281498 0.672734233607 0.680913267437 0.670402338856 0.670819991647 0.667583182514 0.674857301963 0.713907837951 0.733293888347 0.738375330642 0.678894612279 0.737783655854
0.568634275372 0.56877349297 0.573124042879 0 0.582486426284 0.554851733259 0.602220520674 0.607928442155 0.615237366003 0.601176388696 0.617812891549 0.606223026591 0.606536266184 0.606919114576 0.610991229291 0.60385632744 0.616490324377 0.607162745371 0.606571070583 0.599679799527 0.596060142002 0.604065153835 0.61729082556 0.597243491577 0.60336906585 0.612940275651 0.603647501044 0.607406376166 0.605492134206 0.611861339273 0.609668662119 0.597800361966 0.602185716275 0.602220520674 0.596373381595 0.608206877349 0.66925379368 0.674161213977 0.670402338856 0.668314074899 0.674439649172 0.670123903661 0.66539050536 0.665773353752 0.673499930391 0.665425309759 0.664694417374 0.670089099262 0.702039537798 0.722052067381 0.72309619936 0.673151886398 0.724871223723
0.569748016149 0.554225254072 0.600828344703 0.582486426284 0 0.61777808715 0.612801058054 0.622894333844 0.623381595434 0.618787414729 0.619205067521 0.625435054991 0.605631351803 0.609912292914 0.608485312544 0.618683001531 0.613636363636 0.609181400529 0.611791730475 0.603090630656 0.539607406376 0.611652512878 0.624182096617 0.610956424892 0.616037867186 0.6153765836 0.603090630656 0.617708478352 0.626026729779 0.612835862453 0.609042182932 0.60963385772 0.600306278714 0.603821523041 0.601315606293 0.606605874983 0.676980370319 0.684463316163 0.668870945287 0.677154392315 0.67597104274 0.675135737157 0.677154392315 0.67739802311 0.678720590283 0.673917583183 0.675414172351 0.668000835306 0.704545454545 0.720311847418 0.727620771265 0.680391201448 0.724732006126
0.563761659474 0.588751218154 0.625052206599 0.554851733259 0.61777808715 0 0.630551301685 0.640714186273 0.640087707086 0.636885702353 0.636328831964 0.644299039399 0.631038563274 0.630934150077 0.628811081721 0.62884588612 0.632013086454 0.636955311151 0.633092022832 0.614645691215 0.640331337881 0.630516497285 0.632187108451 0.623486008631 0.629263538911 0.632569956843 0.637895029932 0.642419601838 0.654496728386 0.636711680356 0.64711819574 0.637546985939 0.638173465126 0.63605039677 0.633753306418 0.641967144647 0.709487679243 0.710357789225 0.711471530001 0.698941946262 0.705833217319 0.711749965196 0.704023388556 0.701552276208 0.71011415843 0.699812056244 0.704580258945 0.706216065711 0.741577335375 0.753306417931 0.754559376305 0.714012251149 0.757239315049
0.593867464848 0.603612696645 0.605178894612 0.602220520674 0.612801058054 0.630551301685 0 0.553807601281 0.523666991508 0.556035082834 0.551232075734 0.553772796882 0.604482806627 0.600062647919 0.605874982598 0.595259640819 0.607893637756 0.604065153835 0.607789224558 0.596234163998 0.617952109147 0.602429347069 0.596860643185 0.599436168732 0.58941250174 0.598496449951 0.596860643185 0.608206877349 0.613601559237 0.602498955868 0.609981901712 0.615306974802 0.606466657385 0.607754420159 0.596895447585 0.609981901712 0.675414172351 0.678999025477 0.675031323959 0.680948071836 0.675936238341 0.673360712794 0.675866629542 0.673604343589 0.679938744257 0.670263121259 0.665912571349 0.67116803564 0.706668522901 0.722504524572 0.725428094111 0.679173047473 0.731379646387
0.605004872616 0.606814701378 0.619657524711 0.607928442155 0.622894333844 0.640714186273 0.553807601281 0 0.567033273006 0.542739802311 0.576221634415 0.562821940693 0.606779896979 0.609668662119 0.612209383266 0.60528330781 0.615411387999 0.616316302381 0.60625783099 0.603195043854 0.626583600167 0.611617708478 0.609390226925 0.604099958235 0.59665181679 0.605944591396 0.602220520674 0.616281497981 0.626339969372 0.607650006961 0.617151607963 0.621710984268 0.615446192399 0.621885006265 0.609564248921 0.615968258388 0.684324098566 0.681644159822 0.677815675901 0.682270639009 0.680112766254 0.687143254907 0.68415007657 0.679451482667 0.683836836976 0.67694556592 0.677189196714 0.679173047473 0.720868717806 0.739628289016 0.741786161771 0.68891827927 0.735973827092
0.607719615759 0.618091326744 0.618056522344 0.615237366003 0.623381595434 0.640087707086 0.523666991508 0.567033273006 0 0.575038284839 0.581651120702 0.561847417514 0.605805373799 0.610225532507 0.620353612697 0.616072671586 0.613044688849 0.6202143951 0.621919810664 0.611339273284 0.624216901016 0.615724627593 0.613566754838 0.616003062787 0.596930251984 0.610469163302 0.60723235417 0.621850201866 0.632535152443 0.615794236391 0.621815397466 0.625609076987 0.622546289851 0.622859529445 0.619170263121 0.625435054991 0.686760406515 0.684567729361 0.688187386886 0.686586384519 0.684080467771 0.689161910065 0.685542252541 0.680982876236 0.691006543227 0.677015174718 0.680808854239 0.685437839343 0.722260893777 0.734755673117 0.735242934707 0.684184880969 0.737574829458
0.606605874983 0.610921620493 0.616733955172 0.601176388696 0.618787414729 0.636885702353 0.556035082834 0.542739802311 0.575038284839 0 0.568425448977 0.561777808715 0.614784908812 0.614262842823 0.609981901712 0.608276486148 0.620353612697 0.610886816094 0.617395238758 0.603682305443 0.616142280384 0.60430878463 0.615167757205 0.612174578867 0.602498955868 0.61248781846 0.620109981902 0.620318808297 0.624251705416 0.605004872616 0.62787136294 0.62212863706 0.618369761938 0.614367256021 0.616385911179 0.622929138243 0.682375052207 0.689857998051 0.6778852847 0.685959905332 0.680182375052 0.680182375052 0.684289294167 0.681818181818 0.687317276904 0.68028678825 0.676841152722 0.685437839343 0.721216761799 0.741090073785 0.742551858555 0.687526103299 0.738688570235
0.605352916609 0.618508979535 0.624321314214 0.617812891549 0.619205067521 0.636328831964 0.551232075734 0.576221634415 0.581651120702 0.568425448977 0 0.562543505499 0.609007378533 0.610225532507 0.608032855353 0.609459835723 0.611095642489 0.618822219128 0.610852011694 0.608972574133 0.621571766671 0.597974383962 0.611200055687 0.613775581233 0.609668662119 0.608798552137 0.602220520674 0.617952109147 0.620005568704 0.604239175832 0.624878184603 0.616768759571 0.623451204232 0.617708478352 0.615480996798 0.622302659056 0.690240846443 0.683871641375 0.684080467771 0.689788389252 0.67837254629 0.684219685368 0.686655993318 0.683697619379 0.688431017681 0.684741751357 0.684289294167 0.683279966588 0.726158986496 0.742482249756 0.750765696784 0.693373242378 0.743700403731
0.604552415425 0.614784908812 0.613218710845 0.606223026591 0.625435054991 0.644299039399 0.553772796882 0.562821940693 0.561847417514 0.561777808715 0.562543505499 0 0.606188222191 0.606640679382 0.612870666852 0.601002366699 0.610921620493 0.618996241125 0.610051510511 0.601350410692 0.624808575804 0.604204371433 0.611443686482 0.600027843519 0.600027843519 0.612244187665 0.614645691215 0.62209383266 0.634867047195 0.610677989698 0.612801058054 0.619448698315 0.615968258388 0.61969232911 0.612592231658 0.61635110678 0.674404844772 0.680147570653 0.676736739524 0.68411527217 0.675553389948 0.685159404149 0.67931226507 0.677049979117 0.679416678268 0.67691076152 0.670611165251 0.677537240707 0.713037727969 0.727620771265 0.728108032855 0.679973548657 0.729465404427
0.600549909509 0.601106779897 0.606292635389 0.606536266184 0.605631351803 0.631038563274 0.604482806627 0.606779896979 0.605805373799 0.614784908812 0.609007378533 0.606188222191 0 0.593380203258 0.592649310873 0.58989976333 0.585409995823 0.593345398858 0.593937073646 0.583495753863 0.61252262286 0.590178198524 0.59470277043 0.59184880969 0.5961645552 0.589864958931 0.592823332869 0.602777391062 0.606223026591 0.583704580259 0.604204371433 0.599366559933 0.597417513574 0.601350410692 0.584922734234 0.600723931505 0.671585688431 0.668557705694 0.670785187248 0.667235138522 0.665077265766 0.673291103996 0.672873451204 0.669984686064 0.667130725324 0.662327718224 0.657489906724 0.669915077266 0.698106640679 0.715265209522 0.718676040652 0.674648475567 0.714603925936
0.59278852847 0.60817207295 0.605631351803 0.606919114576 0.609912292914 0.630934150077 0.600062647919 0.609668662119 0.610225532507 0.614262842823 0.610225532507 0.606640679382 0.593380203258 0 0.596930251984 0.586802171795 0.597069469581 0.609320618126 0.596756229987 0.590839482111 0.615689823194 0.586384519003 0.594946401225 0.589447306139 0.592997354866 0.599366559933 0.601141584296 0.602324933872 0.61106083809 0.58366977586 0.604448002227 0.600584713908 0.59905332034 0.600341083113 0.594841988027 0.605352916609 0.669393011277 0.673604343589 0.670611165251 0.667409160518 0.666921898928 0.680008353056 0.671794514827 0.668836140888 0.671342057636 0.665425309759 0.664694417374 0.668209661701 0.701134623416 0.717249060281 0.724975636921 0.670506752053 0.719859390227
0.600132256717 0.599088124739 0.609981901712 0.610991229291 0.608485312544 0.628811081721 0.605874982598 0.612209383266 0.620353612697 0.609981901712 0.608032855353 0.612870666852 0.592649310873 0.596930251984 0 0.589342892942 0.593693442851 0.595990533203 0.59038702492 0.585027147431 0.614054016428 0.589482110539 0.598183210358 0.587741890575 0.587324237784 0.592649310873 0.593519420855 0.600897953501 0.613044688849 0.593797856049 0.602464151469 0.599575386329 0.598809689545 0.597173882779 0.58896004455 0.605596547404 0.678616177085 0.677815675901 0.672177363219 0.672386189614 0.671829319226 0.670019490464 0.670924404845 0.667269942921 0.672769038006 0.668244466101 0.665773353752 0.672281776417 0.705067520535 0.729952666017 0.728142837255 0.681191702631 0.725810942503
0.596547403592 0.602255325073 0.601315606293 0.60385632744 0.618683001531 0.62884588612 0.595259640819 0.60528330781 0.616072671586 0.608276486148 0.609459835723 0.601002366699 0.58989976333 0.586802171795 0.589342892942 0 0.593032159265 0.597695948768 0.575177502436 0.57740498399 0.609912292914 0.586454127802 0.592927746067 0.58318251427 0.587846303773 0.576882918001 0.59230126688 0.601559237088 0.61008631491 0.595294445218 0.600619518307 0.590909090909 0.587707086176 0.593658638452 0.586419323402 0.597069469581 0.663615480997 0.668383683698 0.660239454267 0.667826813309 0.65961297508 0.675692607546 0.671376862035 0.668975358485 0.675797020743 0.655123207573 0.66156202144 0.666469441737 0.689579562857 0.71202840039 0.715787275512 0.6682792705 0.713524989559
0.602498955868 0.602498955868 0.614228038424 0.616490324377 0.613636363636 0.632013086454 0.607893637756 0.615411387999 0.613044688849 0.620353612697 0.611095642489 0.610921620493 0.585409995823 0.597069469581 0.593693442851 0.593032159265 0 0.603925936238 0.595468467214 0.59567729361 0.613427537241 0.590526242517 0.595329249617 0.5961645552 0.589690936934 0.595781706808 0.596930251984 0.608554921342 0.622720311847 0.602359738271 0.611582904079 0.608972574133 0.594563552833 0.60142001949 0.590213002924 0.612835862453 0.669079771683 0.6730822776 0.660831129055 0.676353891132 0.673499930391 0.674474453571 0.674892106362 0.670471947654 0.672699429208 0.665460114158 0.662362522623 0.66636502854 0.701795907003 0.726124182097 0.723827091744 0.685646665739 0.725323680913
0.602220520674 0.596791034387 0.606292635389 0.607162745371 0.609181400529 0.636955311151 0.604065153835 0.616316302381 0.6202143951 0.610886816094 0.618822219128 0.618996241125 0.593345398858 0.609320618126 0.595990533203 0.597695948768 0.603925936238 0 0.592544897675 0.59950577753 0.612383405262 0.594076291243 0.60194208548 0.592475288877 0.591988027287 0.599192537937 0.605144090213 0.598948907142 0.60483085062 0.604517611026 0.593902269247 0.596234163998 0.587185020187 0.597939579563 0.583043296673 0.590909090909 0.680843658638 0.671550884032 0.663685089795 0.666539050536 0.660065432271 0.668418488097 0.662362522623 0.662954197411 0.658916887095 0.667130725324 0.660622302659 0.666016984547 0.705137129333 0.72069469581 0.721042739802 0.674718084366 0.719476541835
0.600932757901 0.605109285814 0.610921620493 0.606571070583 0.611791730475 0.633092022832 0.607789224558 0.60625783099 0.621919810664 0.617395238758 0.610852011694 0.610051510511 0.593937073646 0.596756229987 0.59038702492 0.575177502436 0.595468467214 0.592544897675 0 0.582973687874 0.613392732841 0.585409995823 0.594111095642 0.592858137269 0.591117917305 0.598879298343 0.592649310873 0.59759153557 0.613357928442 0.582347208687 0.598670471948 0.602116107476 0.604204371433 0.596442990394 0.583426145065 0.603891131839 0.67642349993 0.675344563553 0.671585688431 0.672838646805 0.67116803564 0.67645830433 0.674926910762 0.667235138522 0.672734233607 0.665494918558 0.670263121259 0.674265627175 0.710253376027 0.726646248086 0.731101211193 0.677119587916 0.733224279549
0.590421829319 0.603229848253 0.605561743004 0.599679799527 0.603090630656 0.614645691215 0.596234163998 0.603195043854 0.611339273284 0.603682305443 0.608972574133 0.601350410692 0.583495753863 0.590839482111 0.585027147431 0.57740498399 0.59567729361 0.59950577753 0.582973687874 0 0.601002366699 0.583043296673 0.58415703745 0.5817207295 0.585479604622 0.591779200891 0.589725741334 0.601141584296 0.615724627593 0.581581511903 0.598043992761 0.59376305165 0.588542391758 0.592266462481 0.585235973827 0.596094946401 0.668418488097 0.669427815676 0.664624808576 0.663859111792 0.66587776695 0.668105248503 0.668522901295 0.66925379368 0.663337045803 0.655680077962 0.662954197411 0.659160517889 0.692433523597 0.71056661562 0.710914659613 0.667235138522 0.70962689684
0.579771683141 0.531811220938 0.608067659752 0.596060142002 0.539607406376 0.640331337881 0.617952109147 0.626583600167 0.624216901016 0.616142280384 0.621571766671 0.624808575804 0.61252262286 0.615689823194 0.614054016428 0.609912292914 0.613427537241 0.612383405262 0.613392732841 0.601002366699 0 0.619518307114 0.617917304747 0.611165251288 0.604273980231 0.617116803564 0.611304468885 0.603021021857 0.623172769038 0.610677989698 0.605631351803 0.609773075317 0.607615202562 0.610782402896 0.596234163998 0.611408882083 0.645447584575 0.655575664764 0.646735347348 0.651677572045 0.646526520952 0.654253097592 0.655018794376 0.649484894891 0.657350689127 0.64516914938 0.645412780175 0.643150494222 0.688813866073 0.707086175693 0.712237226785 0.654148684394 0.713385771962
0.601976889879 0.605387721008 0.600062647919 0.604065153835 0.611652512878 0.630516497285 0.602429347069 0.611617708478 0.615724627593 0.60430878463 0.597974383962 0.604204371433 0.590178198524 0.586384519003 0.589482110539 0.586454127802 0.590526242517 0.594076291243 0.585409995823 0.583043296673 0.619518307114 0 0.58603647501 0.586106083809 0.585409995823 0.598600863149 0.589864958931 0.600097452318 0.605004872616 0.584087428651 0.599157733538 0.604622024224 0.600723931505 0.595468467214 0.584470277043 0.601315606293 0.67259501601 0.67499651956 0.671933732424 0.663093415008 0.669427815676 0.668453292496 0.667409160518 0.682340247807 0.666956703327 0.661596825839 0.66587776695 0.672386189614 0.701482667409 0.717666713073 0.7307531672 0.67642349993 0.721042739802
0.60483085062 0.60914659613 0.605004872616 0.61729082556 0.624182096617 0.632187108451 0.596860643185 0.609390226925 0.613566754838 0.615167757205 0.611200055687 0.611443686482 0.59470277043 0.594946401225 0.598183210358 0.592927746067 0.595329249617 0.60194208548 0.594111095642 0.58415703745 0.617917304747 0.58603647501 0 0.591605178895 0.590630655715 0.59713907838 0.592858137269 0.612348600863 0.619622720312 0.594389530837 0.607650006961 0.612627036057 0.603299457051 0.604169567033 0.596442990394 0.60430878463 0.675240150355 0.675066128359 0.675901433941 0.675901433941 0.68028678825 0.677711262704 0.682653487401 0.685054990951 0.671898928025 0.670367534456 0.674230822776 0.675448976751 0.718397605457 0.729987470416 0.737574829458 0.685124599749 0.736008631491
0.599888625922 0.600654322706 0.601037171098 0.597243491577 0.610956424892 0.623486008631 0.599436168732 0.604099958235 0.616003062787 0.612174578867 0.613775581233 0.600027843519 0.59184880969 0.589447306139 0.587741890575 0.58318251427 0.5961645552 0.592475288877 0.592858137269 0.5817207295 0.611165251288 0.586106083809 0.591605178895 0 0.583600167061 0.586488932201 0.592370875679 0.601698454685 0.621432549074 0.596268968398 0.603264652652 0.605178894612 0.599749408325 0.592266462481 0.587950716971 0.602707782264 0.669741055269 0.672838646805 0.671237644438 0.667548378115 0.667061116525 0.673465125992 0.667966030906 0.666399832939 0.669044967284 0.669532228874 0.661770847835 0.664241960184 0.701413058611 0.717388277878 0.7259501601 0.673360712794 0.719580955033
0.59759153557 0.60434358903 0.605213699012 0.60336906585 0.616037867186 0.629263538911 0.58941250174 0.59665181679 0.596930251984 0.602498955868 0.609668662119 0.600027843519 0.5961645552 0.592997354866 0.587324237784 0.587846303773 0.589690936934 0.591988027287 0.591117917305 0.585479604622 0.604273980231 0.585409995823 0.590630655715 0.583600167061 0 0.583356536266 0.579841291939 0.589168870945 0.594145900042 0.578240289573 0.600271474314 0.596825838786 0.598635667548 0.600897953501 0.59665181679 0.605631351803 0.662153696227 0.666713072532 0.661005151051 0.662954197411 0.661353195044 0.664207155784 0.667826813309 0.663267437004 0.665077265766 0.66396352499 0.659334539886 0.648788806905 0.698002227482 0.723165808158 0.722191284978 0.675240150355 0.72257413337
0.60479604622 0.609320618126 0.607963246554 0.612940275651 0.6153765836 0.632569956843 0.598496449951 0.605944591396 0.610469163302 0.61248781846 0.608798552137 0.612244187665 0.589864958931 0.599366559933 0.592649310873 0.576882918001 0.595781706808 0.599192537937 0.598879298343 0.591779200891 0.617116803564 0.598600863149 0.59713907838 0.586488932201 0.583356536266 0 0.583774189057 0.58843797856 0.596965056383 0.581059445914 0.615689823194 0.613636363636 0.611826534874 0.610677989698 0.600793540303 0.610747598496 0.665320896561 0.667652791313 0.661875261033 0.672664624809 0.666956703327 0.670576360852 0.665007656968 0.661770847835 0.668244466101 0.665460114158 0.663545872198 0.669079771683 0.697549770291 0.722365306975 0.724453570931 0.683697619379 0.726367812892
0.596895447585 0.608102464151 0.61969232911 0.603647501044 0.603090630656 0.637895029932 0.596860643185 0.602220520674 0.60723235417 0.620109981902 0.602220520674 0.614645691215 0.592823332869 0.601141584296 0.593519420855 0.59230126688 0.596930251984 0.605144090213 0.592649310873 0.589725741334 0.611304468885 0.589864958931 0.592858137269 0.592370875679 0.579841291939 0.583774189057 0 0.593693442851 0.601872476681 0.581372685507 0.610364750104 0.60385632744 0.607336767367 0.60674509258 0.605979395796 0.611200055687 0.663754698594 0.662327718224 0.661283586245 0.667548378115 0.661910065432 0.662049283029 0.666643463734 0.658951691494 0.663545872198 0.654914381178 0.660517889461 0.659230126688 0.705380760128 0.725254072115 0.721286370597 0.674196018377 0.721808436586
0.607127940972 0.612070165669 0.607093136572 0.607406376166 0.617708478352 0.642419601838 0.608206877349 0.616281497981 0.621850201866 0.620318808297 0.617952109147 0.62209383266 0.602777391062 0.602324933872 0.600897953501 0.601559237088 0.608554921342 0.598948907142 0.59759153557 0.601141584296 0.603021021857 0.600097452318 0.612348600863 0.601698454685 0.589168870945 0.58843797856 0.593693442851 0 0.601594041487 0.589795350132 0.607510789364 0.611026033691 0.612278992065 0.61252262286 0.601594041487 0.614123625226 0.670645969651 0.666016984547 0.661840456634 0.664555199777 0.665738549353 0.659404148684 0.663789502993 0.669044967284 0.662571349019 0.662571349019 0.661910065432 0.665634136155 0.707469024085 0.723583460949 0.725880551302 0.67642349993 0.719302519839
0.615585409996 0.610503967702 0.617499651956 0.605492134206 0.626026729779 0.654496728386 0.613601559237 0.626339969372 0.632535152443 0.624251705416 0.620005568704 0.634867047195 0.606223026591 0.61106083809 0.613044688849 0.61008631491 0.622720311847 0.60483085062 0.613357928442 0.615724627593 0.623172769038 0.605004872616 0.619622720312 0.621432549074 0.594145900042 0.596965056383 0.601872476681 0.601594041487 0 0.605631351803 0.620144786301 0.619274676319 0.614610886816 0.602672977864 0.600932757901 0.620701656689 0.674439649172 0.669393011277 0.662919393011 0.66876653209 0.666539050536 0.668557705694 0.664868439371 0.673743561186 0.672629820409 0.662258109425 0.661387999443 0.662049283029 0.705902826117 0.726193790895 0.724314353334 0.674857301963 0.724836419323
0.594180704441 0.601628845886 0.606397048587 0.611861339273 0.612835862453 0.636711680356 0.602498955868 0.607650006961 0.615794236391 0.605004872616 0.604239175832 0.610677989698 0.583704580259 0.58366977586 0.593797856049 0.595294445218 0.602359738271 0.604517611026 0.582347208687 0.581581511903 0.610677989698 0.584087428651 0.594389530837 0.596268968398 0.578240289573 0.581059445914 0.581372685507 0.589795350132 0.605631351803 0 0.602638173465 0.602603369066 0.603438674648 0.604099958235 0.594633161632 0.616490324377 0.663545872198 0.670471947654 0.662049283029 0.656341361548 0.663232632605 0.66587776695 0.663232632605 0.66201447863 0.663824307392 0.661666434637 0.659473757483 0.656584992343 0.704475845747 0.722191284978 0.724557984129 0.672734233607 0.719789781428
0.607580398162 0.592684115272 0.604134762634 0.609668662119 0.609042182932 0.64711819574 0.609981901712 0.617151607963 0.621815397466 0.62787136294 0.624878184603 0.612801058054 0.604204371433 0.604448002227 0.602464151469 0.600619518307 0.611582904079 0.593902269247 0.598670471948 0.598043992761 0.605631351803 0.599157733538 0.607650006961 0.603264652652 0.600271474314 0.615689823194 0.610364750104 0.607510789364 0.620144786301 0.602638173465 0 0.591918418488 0.590317416121 0.589029653348 0.580189335932 0.582904079076 0.679590700265 0.687212863706 0.685472643742 0.673987191981 0.670994013643 0.680112766254 0.675657803146 0.676319086733 0.676179869135 0.676806348322 0.669810664068 0.68077404984 0.698941946262 0.718815258249 0.723270221356 0.676179869135 0.722260893777
0.60434358903 0.604413197828 0.593937073646 0.597800361966 0.60963385772 0.637546985939 0.615306974802 0.621710984268 0.625609076987 0.62212863706 0.616768759571 0.619448698315 0.599366559933 0.600584713908 0.599575386329 0.590909090909 0.608972574133 0.596234163998 0.602116107476 0.59376305165 0.609773075317 0.604622024224 0.612627036057 0.605178894612 0.596825838786 0.613636363636 0.60385632744 0.611026033691 0.619274676319 0.602603369066 0.591918418488 0 0.591605178895 0.589273284143 0.579876096339 0.594493944035 0.677049979117 0.671376862035 0.673952387582 0.672281776417 0.673952387582 0.683697619379 0.673117081999 0.676214673535 0.678233328693 0.666191006543 0.670054294863 0.665982180148 0.702526799387 0.72546289851 0.72741194487 0.681852986217 0.726889878881
0.597313100376 0.604134762634 0.592475288877 0.602185716275 0.600306278714 0.638173465126 0.606466657385 0.615446192399 0.622546289851 0.618369761938 0.623451204232 0.615968258388 0.597417513574 0.59905332034 0.598809689545 0.587707086176 0.594563552833 0.587185020187 0.604204371433 0.588542391758 0.607615202562 0.600723931505 0.603299457051 0.599749408325 0.598635667548 0.611826534874 0.607336767367 0.612278992065 0.614610886816 0.603438674648 0.590317416121 0.591605178895 0 0.591779200891 0.580641793123 0.585027147431 0.669949881665 0.673325908395 0.678059306696 0.67116803564 0.680426005847 0.67450925797 0.671446470834 0.676562717527 0.677258805513 0.672177363219 0.666643463734 0.672455798413 0.699324794654 0.715578449116 0.71780593067 0.672525407211 0.720833913407
0.599436168732 0.597417513574 0.597939579563 0.602220520674 0.603821523041 0.63605039677 0.607754420159 0.621885006265 0.622859529445 0.614367256021 0.617708478352 0.61969232911 0.601350410692 0.600341083113 0.597173882779 0.593658638452 0.60142001949 0.597939579563 0.596442990394 0.592266462481 0.610782402896 0.595468467214 0.604169567033 0.592266462481 0.600897953501 0.610677989698 0.60674509258 0.61252262286 0.602672977864 0.604099958235 0.589029653348 0.589273284143 0.591779200891 0 0.586593345399 0.58896004455 0.667687595712 0.673917583183 0.670019490464 0.668000835306 0.670019490464 0.670019490464 0.66681748573 0.67068077405 0.661631630238 0.662675762216 0.6634762634 0.669636642072 0.701308645413 0.715752471112 0.716796603091 0.667687595712 0.718502018655
0.587115411388 0.590317416121 0.593066963664 0.596373381595 0.601315606293 0.633753306418 0.596895447585 0.609564248921 0.619170263121 0.616385911179 0.615480996798 0.612592231658 0.584922734234 0.594841988027 0.58896004455 0.586419323402 0.590213002924 0.583043296673 0.583426145065 0.585235973827 0.596234163998 0.584470277043 0.596442990394 0.587950716971 0.59665181679 0.600793540303 0.605979395796 0.601594041487 0.600932757901 0.594633161632 0.580189335932 0.579876096339 0.580641793123 0.586593345399 0 0.573715717667 0.671098426841 0.669601837672 0.664241960184 0.663197828205 0.664798830572 0.669044967284 0.66298900181 0.669079771683 0.662954197411 0.660517889461 0.66152721704 0.655436447167 0.696366420716 0.715125991925 0.715891688709 0.674926910762 0.715021578728
0.610643185299 0.59901851594 0.601698454685 0.608206877349 0.606605874983 0.641967144647 0.609981901712 0.615968258388 0.625435054991 0.622929138243 0.622302659056 0.61635110678 0.600723931505 0.605352916609 0.605596547404 0.597069469581 0.612835862453 0.590909090909 0.603891131839 0.596094946401 0.611408882083 0.601315606293 0.60430878463 0.602707782264 0.605631351803 0.610747598496 0.611200055687 0.614123625226 0.620701656689 0.616490324377 0.582904079076 0.594493944035 0.585027147431 0.58896004455 0.573715717667 0 0.680217179451 0.684776555757 0.683314770987 0.682549074203 0.68366281498 0.687908951691 0.68651677572 0.681470137825 0.681609355423 0.675274954754 0.674196018377 0.678894612279 0.698941946262 0.719859390227 0.722226089378 0.682583878602 0.72163441459
0.661318390645 0.657420297926 0.672003341222 0.66925379368 0.676980370319 0.709487679243 0.675414172351 0.684324098566 0.686760406515 0.682375052207 0.690240846443 0.674404844772 0.671585688431 0.669393011277 0.678616177085 0.663615480997 0.669079771683 0.680843658638 0.67642349993 0.668418488097 0.645447584575 0.67259501601 0.675240150355 0.669741055269 0.662153696227 0.665320896561 0.663754698594 0.670645969651 0.674439649172 0.663545872198 0.679590700265 0.677049979117 0.669949881665 0.667687595712 0.671098426841 0.680217179451 0 0.541243213142 0.541800083531 0.54374912989 0.536300988445 0.540477516358 0.541869692329 0.550327161353 0.546081024642 0.539328971182 0.538806905193 0.543992760685 0.653417792009 0.665564527356 0.667722400111 0.586245301406 0.66921898928
0.663511067799 0.663441459 0.673987191981 0.674161213977 0.684463316163 0.710357789225 0.678999025477 0.681644159822 0.684567729361 0.689857998051 0.683871641375 0.680147570653 0.668557705694 0.673604343589 0.677815675901 0.668383683698 0.6730822776 0.671550884032 0.675344563553 0.669427815676 0.655575664764 0.67499651956 0.675066128359 0.672838646805 0.666713072532 0.667652791313 0.662327718224 0.666016984547 0.669393011277 0.670471947654 0.687212863706 0.671376862035 0.673325908395 0.673917583183 0.669601837672 0.684776555757 0.541243213142 0 0.545872198246 0.548517332591 0.54517611026 0.544619239872 0.538493665599 0.546533481832 0.545698176249 0.539781428373 0.545245719059 0.547229569818 0.650737853265 0.667269942921 0.673743561186 0.592266462481 0.669462620075
0.664137546986 0.661979674231 0.676353891132 0.670402338856 0.668870945287 0.711471530001 0.675031323959 0.677815675901 0.688187386886 0.6778852847 0.684080467771 0.676736739524 0.670785187248 0.670611165251 0.672177363219 0.660239454267 0.660831129055 0.663685089795 0.671585688431 0.664624808576 0.646735347348 0.671933732424 0.675901433941 0.671237644438 0.661005151051 0.661875261033 0.661283586245 0.661840456634 0.662919393011 0.662049283029 0.685472643742 0.673952387582 0.678059306696 0.670019490464 0.664241960184 0.683314770987 0.541800083531 0.545872198246 0 0.532924961715 0.539816232772 0.537727968815 0.545106501462 0.546672699429 0.541382430739 0.533864680496 0.544549631073 0.545002088264 0.65240846443 0.658011972713 0.664764026173 0.589760545733 0.670994013643
0.665112070166 0.658708060699 0.670297925658 0.668314074899 0.677154392315 0.698941946262 0.680948071836 0.682270639009 0.686586384519 0.685959905332 0.689788389252 0.68411527217 0.667235138522 0.667409160518 0.672386189614 0.667826813309 0.676353891132 0.666539050536 0.672838646805 0.663859111792 0.651677572045 0.663093415008 0.675901433941 0.667548378115 0.662954197411 0.672664624809 0.667548378115 0.664555199777 0.66876653209 0.656341361548 0.673987191981 0.672281776417 0.67116803564 0.668000835306 0.663197828205 0.682549074203 0.54374912989 0.548517332591 0.532924961715 0 0.539607406376 0.543992760685 0.544201587081 0.545419741055 0.545837393847 0.544862870667 0.54183488793 0.550361965752 0.658742865098 0.660517889461 0.666852290129 0.589203675345 0.661387999443
0.664624808576 0.657176667131 0.679277460671 0.674439649172 0.67597104274 0.705833217319 0.675936238341 0.680112766254 0.684080467771 0.680182375052 0.67837254629 0.675553389948 0.665077265766 0.666921898928 0.671829319226 0.65961297508 0.673499930391 0.660065432271 0.67116803564 0.66587776695 0.646526520952 0.669427815676 0.68028678825 0.667061116525 0.661353195044 0.666956703327 0.661910065432 0.665738549353 0.666539050536 0.663232632605 0.670994013643 0.673952387582 0.680426005847 0.670019490464 0.664798830572 0.68366281498 0.536300988445 0.54517611026 0.539816232772 0.539607406376 0 0.540233885563 0.540999582347 0.54952666017 0.53699707643 0.542496171516 0.537797577614 0.535535291661 0.652199638034 0.660726715857 0.666434637338 0.584261450647 0.664381177781
0.65815119031 0.661979674231 0.68366281498 0.670123903661 0.675135737157 0.711749965196 0.673360712794 0.687143254907 0.689161910065 0.680182375052 0.684219685368 0.685159404149 0.673291103996 0.680008353056 0.670019490464 0.675692607546 0.674474453571 0.668418488097 0.67645830433 0.668105248503 0.654253097592 0.668453292496 0.677711262704 0.673465125992 0.664207155784 0.670576360852 0.662049283029 0.659404148684 0.668557705694 0.66587776695 0.680112766254 0.683697619379 0.67450925797 0.670019490464 0.669044967284 0.687908951691 0.540477516358 0.544619239872 0.537727968815 0.543992760685 0.540233885563 0 0.54663789503 0.545350132257 0.532890157316 0.53511763887 0.537867186412 0.535952944452 0.650250591675 0.663302241403 0.667061116525 0.588020325769 0.671342057636
0.658220799109 0.66010023667 0.672734233607 0.66539050536 0.677154392315 0.704023388556 0.675866629542 0.68415007657 0.685542252541 0.684289294167 0.686655993318 0.67931226507 0.672873451204 0.671794514827 0.670924404845 0.671376862035 0.674892106362 0.662362522623 0.674926910762 0.668522901295 0.655018794376 0.667409160518 0.682653487401 0.667966030906 0.667826813309 0.665007656968 0.666643463734 0.663789502993 0.664868439371 0.663232632605 0.675657803146 0.673117081999 0.671446470834 0.66681748573 0.66298900181 0.68651677572 0.541869692329 0.538493665599 0.545106501462 0.544201587081 0.540999582347 0.54663789503 0 0.54521091466 0.547508005012 0.538389252402 0.539746623973 0.547925657803 0.646978978143 0.662118891828 0.662606153418 0.598531254351 0.667235138522
0.664659612975 0.658812473897 0.680913267437 0.665773353752 0.67739802311 0.701552276208 0.673604343589 0.679451482667 0.680982876236 0.681818181818 0.683697619379 0.677049979117 0.669984686064 0.668836140888 0.667269942921 0.668975358485 0.670471947654 0.662954197411 0.667235138522 0.66925379368 0.649484894891 0.682340247807 0.685054990951 0.666399832939 0.663267437004 0.661770847835 0.658951691494 0.669044967284 0.673743561186 0.66201447863 0.676319086733 0.676214673535 0.676562717527 0.67068077405 0.669079771683 0.681470137825 0.550327161353 0.546533481832 0.546672699429 0.545419741055 0.54952666017 0.545350132257 0.54521091466 0 0.548726158986 0.542600584714 0.549596268968 0.550744814145 0.657037449534 0.661805652234 0.67356953919 0.594946401225 0.667548378115
0.654009466797 0.664659612975 0.670402338856 0.673499930391 0.678720590283 0.71011415843 0.679938744257 0.683836836976 0.691006543227 0.687317276904 0.688431017681 0.679416678268 0.667130725324 0.671342057636 0.672769038006 0.675797020743 0.672699429208 0.658916887095 0.672734233607 0.663337045803 0.657350689127 0.666956703327 0.671898928025 0.669044967284 0.665077265766 0.668244466101 0.663545872198 0.662571349019 0.672629820409 0.663824307392 0.676179869135 0.678233328693 0.677258805513 0.661631630238 0.662954197411 0.681609355423 0.546081024642 0.545698176249 0.541382430739 0.545837393847 0.53699707643 0.532890157316 0.547508005012 0.548726158986 0 0.536823054434 0.543122650703 0.542182931923 0.654044271196 0.657907559516 0.66250174022 0.585061951831 0.661422803842
0.654775163581 0.653591814005 0.670819991647 0.665425309759 0.673917583183 0.699812056244 0.670263121259 0.67694556592 0.677015174718 0.68028678825 0.684741751357 0.67691076152 0.662327718224 0.665425309759 0.668244466101 0.655123207573 0.665460114158 0.667130725324 0.665494918558 0.655680077962 0.64516914938 0.661596825839 0.670367534456 0.669532228874 0.66396352499 0.665460114158 0.654914381178 0.662571349019 0.662258109425 0.661666434637 0.676806348322 0.666191006543 0.672177363219 0.662675762216 0.660517889461 0.675274954754 0.539328971182 0.539781428373 0.533864680496 0.544862870667 0.542496171516 0.53511763887 0.538389252402 0.542600584714 0.536823054434 0 0.532263678129 0.544271195879 0.653905053599 0.663893916191 0.665355700961 0.590213002924 0.669845468467
0.661770847835 0.654949185577 0.667583182514 0.664694417374 0.675414172351 0.704580258945 0.665912571349 0.677189196714 0.680808854239 0.676841152722 0.684289294167 0.670611165251 0.657489906724 0.664694417374 0.665773353752 0.66156202144 0.662362522623 0.660622302659 0.670263121259 0.662954197411 0.645412780175 0.66587776695 0.674230822776 0.661770847835 0.659334539886 0.663545872198 0.660517889461 0.661910065432 0.661387999443 0.659473757483 0.669810664068 0.670054294863 0.666643463734 0.6634762634 0.66152721704 0.674196018377 0.538806905193 0.545245719059 0.544549631073 0.54183488793 0.537797577614 0.537867186412 0.539746623973 0.549596268968 0.543122650703 0.532263678129 0 0.541730474732 0.64663093415 0.658568843102 0.667896422108 0.591222330503 0.666399832939
0.660691911458 0.656654601142 0.674857301963 0.670089099262 0.668000835306 0.706216065711 0.67116803564 0.679173047473 0.685437839343 0.685437839343 0.683279966588 0.677537240707 0.669915077266 0.668209661701 0.672281776417 0.666469441737 0.66636502854 0.666016984547 0.674265627175 0.659160517889 0.643150494222 0.672386189614 0.675448976751 0.664241960184 0.648788806905 0.669079771683 0.659230126688 0.665634136155 0.662049283029 0.656584992343 0.68077404984 0.665982180148 0.672455798413 0.669636642072 0.655436447167 0.678894612279 0.543992760685 0.547229569818 0.545002088264 0.550361965752 0.535535291661 0.535952944452 0.547925657803 0.550744814145 0.542182931923 0.544271195879 0.541730474732 0 0.651677572045 0.658951691494 0.66396352499 0.583391340665 0.664833634971
0.694452178755 0.689579562857 0.713907837951 0.702039537798 0.704545454545 0.741577335375 0.706668522901 0.720868717806 0.722260893777 0.721216761799 0.726158986496 0.713037727969 0.698106640679 0.701134623416 0.705067520535 0.689579562857 0.701795907003 0.705137129333 0.710253376027 0.692433523597 0.688813866073 0.701482667409 0.718397605457 0.701413058611 0.698002227482 0.697549770291 0.705380760128 0.707469024085 0.705902826117 0.704475845747 0.698941946262 0.702526799387 0.699324794654 0.701308645413 0.696366420716 0.698941946262 0.653417792009 0.650737853265 0.65240846443 0.658742865098 0.652199638034 0.650250591675 0.646978978143 0.657037449534 0.654044271196 0.653905053599 0.64663093415 0.651677572045 0 0.353299457051 0.346825838786 0.43992760685 0.344424335236
0.710636224419 0.704858694139 0.733293888347 0.722052067381 0.720311847418 0.753306417931 0.722504524572 0.739628289016 0.734755673117 0.741090073785 0.742482249756 0.727620771265 0.715265209522 0.717249060281 0.729952666017 0.71202840039 0.726124182097 0.72069469581 0.726646248086 0.71056661562 0.707086175693 0.717666713073 0.729987470416 0.717388277878 0.723165808158 0.722365306975 0.725254072115 0.723583460949 0.726193790895 0.722191284978 0.718815258249 0.72546289851 0.715578449116 0.715752471112 0.715125991925 0.719859390227 0.665564527356 0.667269942921 0.658011972713 0.660517889461 0.660726715857 0.663302241403 0.662118891828 0.661805652234 0.657907559516 0.663893916191 0.658568843102 0.658951691494 0.353299457051 0 0.306417931227 0.424718084366 0.315780314632
0.714603925936 0.713629402757 0.738375330642 0.72309619936 0.727620771265 0.754559376305 0.725428094111 0.741786161771 0.735242934707 0.742551858555 0.750765696784 0.728108032855 0.718676040652 0.724975636921 0.728142837255 0.715787275512 0.723827091744 0.721042739802 0.731101211193 0.710914659613 0.712237226785 0.7307531672 0.737574829458 0.7259501601 0.722191284978 0.724453570931 0.721286370597 0.725880551302 0.724314353334 0.724557984129 0.723270221356 0.72741194487 0.71780593067 0.716796603091 0.715891688709 0.722226089378 0.667722400111 0.673743561186 0.664764026173 0.666852290129 0.666434637338 0.667061116525 0.662606153418 0.67356953919 0.66250174022 0.665355700961 0.667896422108 0.66396352499 0.346825838786 0.306417931227 0 0.42116803564 0.315571488236
