0.578930 0.620906 0.604289 0.616963 0.603983 0.653288 0.653339 0.650447
0.620906 0.589738 0.607348 0.608885 0.612227 0.660187 0.680074 0.677086
0.604289 0.607348 0.590227 0.603075 0.595669 0.643435 0.663457 0.660469
0.616963 0.608885 0.603075 0.589921 0.608322 0.656156 0.676131 0.673142
0.603983 0.612227 0.595669 0.608322 0.593291 0.644719 0.663151 0.660163
0.653288 0.660187 0.643435 0.656156 0.644719 0.620476 0.712456 0.709468
0.653339 0.680074 0.663457 0.676131 0.663151 0.712456 0.544750 0.549977
0.650447 0.677086 0.660469 0.673142 0.660163 0.709468 0.549977 0.543709
