0.575712 0.616586 0.598756 0.612737 0.596767 0.649251 0.645349 0.643031
0.616586 0.585204 0.604350 0.606114 0.607998 0.658936 0.676357 0.673955
0.598756 0.604350 0.585945 0.600118 0.590246 0.640961 0.658527 0.656125
0.612737 0.606114 0.600118 0.585568 0.604200 0.654990 0.672508 0.670106
0.596767 0.607998 0.590246 0.604200 0.585921 0.640800 0.656538 0.654136
0.649251 0.658936 0.640961 0.654990 0.640800 0.618385 0.709022 0.706620
0.645349 0.676357 0.658527 0.672508 0.656538 0.709022 0.536193 0.542762
0.643031 0.673955 0.656125 0.670106 0.654136 0.706620 0.542762 0.536033
