0.575839 0.612325 0.604736 0.600845 0.607850 0.654853 0.667662 0.666101
0.612325 0.558884 0.608480 0.612501 0.610879 0.666991 0.679920 0.682047
0.604736 0.608480 0.591139 0.594776 0.590857 0.651142 0.669841 0.666972
0.600845 0.612501 0.594776 0.595286 0.597408 0.650772 0.670225 0.670493
0.607850 0.610879 0.590857 0.597408 0.586780 0.652963 0.662369 0.663025
0.654853 0.666991 0.651142 0.650772 0.652963 0.619941 0.648741 0.646500
0.667662 0.679920 0.669841 0.670225 0.662369 0.648741 0.532522 0.536213
0.666101 0.682047 0.666972 0.670493 0.663025 0.646500 0.536213 0.531376
