0.580667 0.618638 0.601456 0.615315 0.599777 0.650867 0.647962 0.645956
0.618638 0.587078 0.605513 0.608137 0.609168 0.659013 0.677456 0.675382
0.601456 0.605513 0.587524 0.601666 0.592051 0.641650 0.660275 0.658201
0.615315 0.608137 0.601666 0.587082 0.605890 0.655571 0.674133 0.672060
0.599777 0.609168 0.592051 0.605890 0.588028 0.641539 0.658595 0.656521
0.650867 0.659013 0.641650 0.655571 0.641539 0.617746 0.709685 0.707611
0.647962 0.677456 0.660275 0.674133 0.658595 0.709685 0.533132 0.541137
0.645956 0.675382 0.658201 0.672060 0.656521 0.707611 0.541137 0.534790
