0.565557 0.621310 0.599352 0.599236 0.601022 0.654202 0.657575 0.657134
0.621310 0.581841 0.613969 0.614759 0.615273 0.674940 0.683830 0.683372
0.599352 0.613969 0.582999 0.588903 0.588691 0.648919 0.658812 0.658352
0.599236 0.614759 0.588903 0.583347 0.591996 0.650144 0.659776 0.659317
0.601022 0.615273 0.588691 0.591996 0.582292 0.651011 0.660740 0.660281
0.654202 0.674940 0.648919 0.650144 0.651011 0.617840 0.656977 0.656495
0.657575 0.683830 0.658812 0.659776 0.660740 0.656977 0.537320 0.546310
0.657134 0.683372 0.658352 0.659317 0.660281 0.656495 0.546310 0.538079
