0.583460 0.623542 0.606124 0.619052 0.604822 0.653625 0.654138 0.652282
0.623542 0.588980 0.607730 0.608301 0.611967 0.659473 0.679868 0.677928
0.606124 0.607730 0.589803 0.602911 0.594621 0.641938 0.662450 0.660510
0.619052 0.608301 0.602911 0.589427 0.607519 0.654907 0.675378 0.673437
0.604822 0.611967 0.594621 0.607519 0.590860 0.642170 0.661148 0.659207
0.653625 0.659473 0.641938 0.654907 0.642170 0.620107 0.709951 0.708011
0.654138 0.679868 0.662450 0.675378 0.661148 0.709951 0.546064 0.551961
0.652282 0.677928 0.660510 0.673437 0.659207 0.708011 0.551961 0.546626
